0
[( 35, 4, 1 ), ( 24, 5, 2 ), ( 29, 5, 6 ), ( 22, 6, 2 ), ( 33, 6, 6 ), ( 16, 7, 3 ), ( 28, 7, 5 ), ( 25, 8, 6 ), ( 15, 9, 5 ), ( 40, 9, 4 ), ( 32, 10, 4 ), ( 38, 10, 3 ), ( 50, 10, 2 ), ( 3, 12, 4 ), ( 21, 12, 2 ), ( 44, 12, 1 ), ( 49, 12, 1 ), ( 2, 14, 6 ), ( 10, 14, 6 ), ( 6, 16, 1 ), ( 37, 16, 6 ), ( 20, 17, 1 ), ( 43, 17, 3 ), ( 23, 19, 5 ), ( 8, 20, 2 ), ( 41, 21, 2 ), ( 7, 22, 2 ), ( 19, 22, 6 ), ( 30, 22, 2 ), ( 26, 23, 4 ), ( 9, 24, 4 ), ( 45, 24, 4 ), ( 46, 24, 5 ), ( 4, 27, 6 ), ( 27, 27, 2 ), ( 31, 27, 3 ), ( 48, 27, 1 ), ( 11, 28, 2 ), ( 13, 28, 5 ), ( 17, 30, 4 ), ( 14, 31, 5 ), ( 36, 32, 3 ), ( 34, 33, 3 ), ( 42, 33, 1 ), ( 5, 35, 3 ), ( 1, 36, 2 ), ( 12, 39, 2 ), ( 18, 39, 4 ), ( 39, 39, 5 ), ( 47, 39, 1 )]
coada 0: 
coada 1: 
coada 2: 
coada 3: 
coada 4: 

1
[( 35, 4, 1 ), ( 24, 5, 2 ), ( 29, 5, 6 ), ( 22, 6, 2 ), ( 33, 6, 6 ), ( 16, 7, 3 ), ( 28, 7, 5 ), ( 25, 8, 6 ), ( 15, 9, 5 ), ( 40, 9, 4 ), ( 32, 10, 4 ), ( 38, 10, 3 ), ( 50, 10, 2 ), ( 3, 12, 4 ), ( 21, 12, 2 ), ( 44, 12, 1 ), ( 49, 12, 1 ), ( 2, 14, 6 ), ( 10, 14, 6 ), ( 6, 16, 1 ), ( 37, 16, 6 ), ( 20, 17, 1 ), ( 43, 17, 3 ), ( 23, 19, 5 ), ( 8, 20, 2 ), ( 41, 21, 2 ), ( 7, 22, 2 ), ( 19, 22, 6 ), ( 30, 22, 2 ), ( 26, 23, 4 ), ( 9, 24, 4 ), ( 45, 24, 4 ), ( 46, 24, 5 ), ( 4, 27, 6 ), ( 27, 27, 2 ), ( 31, 27, 3 ), ( 48, 27, 1 ), ( 11, 28, 2 ), ( 13, 28, 5 ), ( 17, 30, 4 ), ( 14, 31, 5 ), ( 36, 32, 3 ), ( 34, 33, 3 ), ( 42, 33, 1 ), ( 5, 35, 3 ), ( 1, 36, 2 ), ( 12, 39, 2 ), ( 18, 39, 4 ), ( 39, 39, 5 ), ( 47, 39, 1 )]
coada 0: 
coada 1: 
coada 2: 
coada 3: 
coada 4: 

2
[( 35, 4, 1 ), ( 24, 5, 2 ), ( 29, 5, 6 ), ( 22, 6, 2 ), ( 33, 6, 6 ), ( 16, 7, 3 ), ( 28, 7, 5 ), ( 25, 8, 6 ), ( 15, 9, 5 ), ( 40, 9, 4 ), ( 32, 10, 4 ), ( 38, 10, 3 ), ( 50, 10, 2 ), ( 3, 12, 4 ), ( 21, 12, 2 ), ( 44, 12, 1 ), ( 49, 12, 1 ), ( 2, 14, 6 ), ( 10, 14, 6 ), ( 6, 16, 1 ), ( 37, 16, 6 ), ( 20, 17, 1 ), ( 43, 17, 3 ), ( 23, 19, 5 ), ( 8, 20, 2 ), ( 41, 21, 2 ), ( 7, 22, 2 ), ( 19, 22, 6 ), ( 30, 22, 2 ), ( 26, 23, 4 ), ( 9, 24, 4 ), ( 45, 24, 4 ), ( 46, 24, 5 ), ( 4, 27, 6 ), ( 27, 27, 2 ), ( 31, 27, 3 ), ( 48, 27, 1 ), ( 11, 28, 2 ), ( 13, 28, 5 ), ( 17, 30, 4 ), ( 14, 31, 5 ), ( 36, 32, 3 ), ( 34, 33, 3 ), ( 42, 33, 1 ), ( 5, 35, 3 ), ( 1, 36, 2 ), ( 12, 39, 2 ), ( 18, 39, 4 ), ( 39, 39, 5 ), ( 47, 39, 1 )]
coada 0: 
coada 1: 
coada 2: 
coada 3: 
coada 4: 

3
[( 35, 4, 1 ), ( 24, 5, 2 ), ( 29, 5, 6 ), ( 22, 6, 2 ), ( 33, 6, 6 ), ( 16, 7, 3 ), ( 28, 7, 5 ), ( 25, 8, 6 ), ( 15, 9, 5 ), ( 40, 9, 4 ), ( 32, 10, 4 ), ( 38, 10, 3 ), ( 50, 10, 2 ), ( 3, 12, 4 ), ( 21, 12, 2 ), ( 44, 12, 1 ), ( 49, 12, 1 ), ( 2, 14, 6 ), ( 10, 14, 6 ), ( 6, 16, 1 ), ( 37, 16, 6 ), ( 20, 17, 1 ), ( 43, 17, 3 ), ( 23, 19, 5 ), ( 8, 20, 2 ), ( 41, 21, 2 ), ( 7, 22, 2 ), ( 19, 22, 6 ), ( 30, 22, 2 ), ( 26, 23, 4 ), ( 9, 24, 4 ), ( 45, 24, 4 ), ( 46, 24, 5 ), ( 4, 27, 6 ), ( 27, 27, 2 ), ( 31, 27, 3 ), ( 48, 27, 1 ), ( 11, 28, 2 ), ( 13, 28, 5 ), ( 17, 30, 4 ), ( 14, 31, 5 ), ( 36, 32, 3 ), ( 34, 33, 3 ), ( 42, 33, 1 ), ( 5, 35, 3 ), ( 1, 36, 2 ), ( 12, 39, 2 ), ( 18, 39, 4 ), ( 39, 39, 5 ), ( 47, 39, 1 )]
coada 0: 
coada 1: 
coada 2: 
coada 3: 
coada 4: 

4
[( 24, 5, 2 ), ( 29, 5, 6 ), ( 22, 6, 2 ), ( 33, 6, 6 ), ( 16, 7, 3 ), ( 28, 7, 5 ), ( 25, 8, 6 ), ( 15, 9, 5 ), ( 40, 9, 4 ), ( 32, 10, 4 ), ( 38, 10, 3 ), ( 50, 10, 2 ), ( 3, 12, 4 ), ( 21, 12, 2 ), ( 44, 12, 1 ), ( 49, 12, 1 ), ( 2, 14, 6 ), ( 10, 14, 6 ), ( 6, 16, 1 ), ( 37, 16, 6 ), ( 20, 17, 1 ), ( 43, 17, 3 ), ( 23, 19, 5 ), ( 8, 20, 2 ), ( 41, 21, 2 ), ( 7, 22, 2 ), ( 19, 22, 6 ), ( 30, 22, 2 ), ( 26, 23, 4 ), ( 9, 24, 4 ), ( 45, 24, 4 ), ( 46, 24, 5 ), ( 4, 27, 6 ), ( 27, 27, 2 ), ( 31, 27, 3 ), ( 48, 27, 1 ), ( 11, 28, 2 ), ( 13, 28, 5 ), ( 17, 30, 4 ), ( 14, 31, 5 ), ( 36, 32, 3 ), ( 34, 33, 3 ), ( 42, 33, 1 ), ( 5, 35, 3 ), ( 1, 36, 2 ), ( 12, 39, 2 ), ( 18, 39, 4 ), ( 39, 39, 5 ), ( 47, 39, 1 )]
coada 0: ( 35, 4, 1 ) 
coada 1: 
coada 2: 
coada 3: 
coada 4: 

5
[( 22, 6, 2 ), ( 33, 6, 6 ), ( 16, 7, 3 ), ( 28, 7, 5 ), ( 25, 8, 6 ), ( 15, 9, 5 ), ( 40, 9, 4 ), ( 32, 10, 4 ), ( 38, 10, 3 ), ( 50, 10, 2 ), ( 3, 12, 4 ), ( 21, 12, 2 ), ( 44, 12, 1 ), ( 49, 12, 1 ), ( 2, 14, 6 ), ( 10, 14, 6 ), ( 6, 16, 1 ), ( 37, 16, 6 ), ( 20, 17, 1 ), ( 43, 17, 3 ), ( 23, 19, 5 ), ( 8, 20, 2 ), ( 41, 21, 2 ), ( 7, 22, 2 ), ( 19, 22, 6 ), ( 30, 22, 2 ), ( 26, 23, 4 ), ( 9, 24, 4 ), ( 45, 24, 4 ), ( 46, 24, 5 ), ( 4, 27, 6 ), ( 27, 27, 2 ), ( 31, 27, 3 ), ( 48, 27, 1 ), ( 11, 28, 2 ), ( 13, 28, 5 ), ( 17, 30, 4 ), ( 14, 31, 5 ), ( 36, 32, 3 ), ( 34, 33, 3 ), ( 42, 33, 1 ), ( 5, 35, 3 ), ( 1, 36, 2 ), ( 12, 39, 2 ), ( 18, 39, 4 ), ( 39, 39, 5 ), ( 47, 39, 1 )]
coada 0: ( 29, 5, 6 ) 
coada 1: 
coada 2: 
coada 3: 
coada 4: ( 24, 5, 2 ) 

6
[( 16, 7, 3 ), ( 28, 7, 5 ), ( 25, 8, 6 ), ( 15, 9, 5 ), ( 40, 9, 4 ), ( 32, 10, 4 ), ( 38, 10, 3 ), ( 50, 10, 2 ), ( 3, 12, 4 ), ( 21, 12, 2 ), ( 44, 12, 1 ), ( 49, 12, 1 ), ( 2, 14, 6 ), ( 10, 14, 6 ), ( 6, 16, 1 ), ( 37, 16, 6 ), ( 20, 17, 1 ), ( 43, 17, 3 ), ( 23, 19, 5 ), ( 8, 20, 2 ), ( 41, 21, 2 ), ( 7, 22, 2 ), ( 19, 22, 6 ), ( 30, 22, 2 ), ( 26, 23, 4 ), ( 9, 24, 4 ), ( 45, 24, 4 ), ( 46, 24, 5 ), ( 4, 27, 6 ), ( 27, 27, 2 ), ( 31, 27, 3 ), ( 48, 27, 1 ), ( 11, 28, 2 ), ( 13, 28, 5 ), ( 17, 30, 4 ), ( 14, 31, 5 ), ( 36, 32, 3 ), ( 34, 33, 3 ), ( 42, 33, 1 ), ( 5, 35, 3 ), ( 1, 36, 2 ), ( 12, 39, 2 ), ( 18, 39, 4 ), ( 39, 39, 5 ), ( 47, 39, 1 )]
coada 0: ( 33, 6, 6 ) 
coada 1: 
coada 2: ( 22, 6, 2 ) 
coada 3: ( 24, 5, 1 ) 
coada 4: ( 29, 5, 5 ) 

7
[( 25, 8, 6 ), ( 15, 9, 5 ), ( 40, 9, 4 ), ( 32, 10, 4 ), ( 38, 10, 3 ), ( 50, 10, 2 ), ( 3, 12, 4 ), ( 21, 12, 2 ), ( 44, 12, 1 ), ( 49, 12, 1 ), ( 2, 14, 6 ), ( 10, 14, 6 ), ( 6, 16, 1 ), ( 37, 16, 6 ), ( 20, 17, 1 ), ( 43, 17, 3 ), ( 23, 19, 5 ), ( 8, 20, 2 ), ( 41, 21, 2 ), ( 7, 22, 2 ), ( 19, 22, 6 ), ( 30, 22, 2 ), ( 26, 23, 4 ), ( 9, 24, 4 ), ( 45, 24, 4 ), ( 46, 24, 5 ), ( 4, 27, 6 ), ( 27, 27, 2 ), ( 31, 27, 3 ), ( 48, 27, 1 ), ( 11, 28, 2 ), ( 13, 28, 5 ), ( 17, 30, 4 ), ( 14, 31, 5 ), ( 36, 32, 3 ), ( 34, 33, 3 ), ( 42, 33, 1 ), ( 5, 35, 3 ), ( 1, 36, 2 ), ( 12, 39, 2 ), ( 18, 39, 4 ), ( 39, 39, 5 ), ( 47, 39, 1 )]
coada 0: ( 22, 6, 1 ) ( 28, 7, 5 ) 
coada 1: 
coada 2: ( 16, 7, 3 ) 
coada 3: ( 33, 6, 5 ) 
coada 4: ( 29, 5, 4 ) 

8
[( 15, 9, 5 ), ( 40, 9, 4 ), ( 32, 10, 4 ), ( 38, 10, 3 ), ( 50, 10, 2 ), ( 3, 12, 4 ), ( 21, 12, 2 ), ( 44, 12, 1 ), ( 49, 12, 1 ), ( 2, 14, 6 ), ( 10, 14, 6 ), ( 6, 16, 1 ), ( 37, 16, 6 ), ( 20, 17, 1 ), ( 43, 17, 3 ), ( 23, 19, 5 ), ( 8, 20, 2 ), ( 41, 21, 2 ), ( 7, 22, 2 ), ( 19, 22, 6 ), ( 30, 22, 2 ), ( 26, 23, 4 ), ( 9, 24, 4 ), ( 45, 24, 4 ), ( 46, 24, 5 ), ( 4, 27, 6 ), ( 27, 27, 2 ), ( 31, 27, 3 ), ( 48, 27, 1 ), ( 11, 28, 2 ), ( 13, 28, 5 ), ( 17, 30, 4 ), ( 14, 31, 5 ), ( 36, 32, 3 ), ( 34, 33, 3 ), ( 42, 33, 1 ), ( 5, 35, 3 ), ( 1, 36, 2 ), ( 12, 39, 2 ), ( 18, 39, 4 ), ( 39, 39, 5 ), ( 47, 39, 1 )]
coada 0: ( 25, 8, 6 ) 
coada 1: ( 16, 7, 2 ) 
coada 2: ( 33, 6, 4 ) 
coada 3: ( 29, 5, 3 ) 
coada 4: ( 28, 7, 5 ) 

9
[( 32, 10, 4 ), ( 38, 10, 3 ), ( 50, 10, 2 ), ( 3, 12, 4 ), ( 21, 12, 2 ), ( 44, 12, 1 ), ( 49, 12, 1 ), ( 2, 14, 6 ), ( 10, 14, 6 ), ( 6, 16, 1 ), ( 37, 16, 6 ), ( 20, 17, 1 ), ( 43, 17, 3 ), ( 23, 19, 5 ), ( 8, 20, 2 ), ( 41, 21, 2 ), ( 7, 22, 2 ), ( 19, 22, 6 ), ( 30, 22, 2 ), ( 26, 23, 4 ), ( 9, 24, 4 ), ( 45, 24, 4 ), ( 46, 24, 5 ), ( 4, 27, 6 ), ( 27, 27, 2 ), ( 31, 27, 3 ), ( 48, 27, 1 ), ( 11, 28, 2 ), ( 13, 28, 5 ), ( 17, 30, 4 ), ( 14, 31, 5 ), ( 36, 32, 3 ), ( 34, 33, 3 ), ( 42, 33, 1 ), ( 5, 35, 3 ), ( 1, 36, 2 ), ( 12, 39, 2 ), ( 18, 39, 4 ), ( 39, 39, 5 ), ( 47, 39, 1 )]
coada 0: ( 33, 6, 3 ) ( 40, 9, 4 ) 
coada 1: ( 29, 5, 2 ) 
coada 2: ( 28, 7, 4 ) 
coada 3: ( 25, 8, 5 ) 
coada 4: ( 16, 7, 1 ) ( 15, 9, 5 ) 

10
[( 3, 12, 4 ), ( 21, 12, 2 ), ( 44, 12, 1 ), ( 49, 12, 1 ), ( 2, 14, 6 ), ( 10, 14, 6 ), ( 6, 16, 1 ), ( 37, 16, 6 ), ( 20, 17, 1 ), ( 43, 17, 3 ), ( 23, 19, 5 ), ( 8, 20, 2 ), ( 41, 21, 2 ), ( 7, 22, 2 ), ( 19, 22, 6 ), ( 30, 22, 2 ), ( 26, 23, 4 ), ( 9, 24, 4 ), ( 45, 24, 4 ), ( 46, 24, 5 ), ( 4, 27, 6 ), ( 27, 27, 2 ), ( 31, 27, 3 ), ( 48, 27, 1 ), ( 11, 28, 2 ), ( 13, 28, 5 ), ( 17, 30, 4 ), ( 14, 31, 5 ), ( 36, 32, 3 ), ( 34, 33, 3 ), ( 42, 33, 1 ), ( 5, 35, 3 ), ( 1, 36, 2 ), ( 12, 39, 2 ), ( 18, 39, 4 ), ( 39, 39, 5 ), ( 47, 39, 1 )]
coada 0: ( 25, 8, 4 ) ( 50, 10, 2 ) 
coada 1: ( 15, 9, 5 ) 
coada 2: ( 28, 7, 3 ) ( 38, 10, 3 ) 
coada 3: ( 29, 5, 1 ) ( 32, 10, 4 ) 
coada 4: ( 33, 6, 2 ) ( 40, 9, 4 ) 

11
[( 3, 12, 4 ), ( 21, 12, 2 ), ( 44, 12, 1 ), ( 49, 12, 1 ), ( 2, 14, 6 ), ( 10, 14, 6 ), ( 6, 16, 1 ), ( 37, 16, 6 ), ( 20, 17, 1 ), ( 43, 17, 3 ), ( 23, 19, 5 ), ( 8, 20, 2 ), ( 41, 21, 2 ), ( 7, 22, 2 ), ( 19, 22, 6 ), ( 30, 22, 2 ), ( 26, 23, 4 ), ( 9, 24, 4 ), ( 45, 24, 4 ), ( 46, 24, 5 ), ( 4, 27, 6 ), ( 27, 27, 2 ), ( 31, 27, 3 ), ( 48, 27, 1 ), ( 11, 28, 2 ), ( 13, 28, 5 ), ( 17, 30, 4 ), ( 14, 31, 5 ), ( 36, 32, 3 ), ( 34, 33, 3 ), ( 42, 33, 1 ), ( 5, 35, 3 ), ( 1, 36, 2 ), ( 12, 39, 2 ), ( 18, 39, 4 ), ( 39, 39, 5 ), ( 47, 39, 1 )]
coada 0: ( 25, 8, 3 ) ( 50, 10, 2 ) 
coada 1: ( 15, 9, 4 ) 
coada 2: ( 28, 7, 2 ) ( 38, 10, 3 ) 
coada 3: ( 32, 10, 4 ) 
coada 4: ( 33, 6, 1 ) ( 40, 9, 4 ) 

12
[( 2, 14, 6 ), ( 10, 14, 6 ), ( 6, 16, 1 ), ( 37, 16, 6 ), ( 20, 17, 1 ), ( 43, 17, 3 ), ( 23, 19, 5 ), ( 8, 20, 2 ), ( 41, 21, 2 ), ( 7, 22, 2 ), ( 19, 22, 6 ), ( 30, 22, 2 ), ( 26, 23, 4 ), ( 9, 24, 4 ), ( 45, 24, 4 ), ( 46, 24, 5 ), ( 4, 27, 6 ), ( 27, 27, 2 ), ( 31, 27, 3 ), ( 48, 27, 1 ), ( 11, 28, 2 ), ( 13, 28, 5 ), ( 17, 30, 4 ), ( 14, 31, 5 ), ( 36, 32, 3 ), ( 34, 33, 3 ), ( 42, 33, 1 ), ( 5, 35, 3 ), ( 1, 36, 2 ), ( 12, 39, 2 ), ( 18, 39, 4 ), ( 39, 39, 5 ), ( 47, 39, 1 )]
coada 0: ( 32, 10, 3 ) ( 49, 12, 1 ) 
coada 1: ( 40, 9, 4 ) 
coada 2: ( 28, 7, 1 ) ( 38, 10, 3 ) ( 44, 12, 1 ) 
coada 3: ( 25, 8, 2 ) ( 50, 10, 2 ) ( 21, 12, 2 ) 
coada 4: ( 15, 9, 3 ) ( 3, 12, 4 ) 

13
[( 2, 14, 6 ), ( 10, 14, 6 ), ( 6, 16, 1 ), ( 37, 16, 6 ), ( 20, 17, 1 ), ( 43, 17, 3 ), ( 23, 19, 5 ), ( 8, 20, 2 ), ( 41, 21, 2 ), ( 7, 22, 2 ), ( 19, 22, 6 ), ( 30, 22, 2 ), ( 26, 23, 4 ), ( 9, 24, 4 ), ( 45, 24, 4 ), ( 46, 24, 5 ), ( 4, 27, 6 ), ( 27, 27, 2 ), ( 31, 27, 3 ), ( 48, 27, 1 ), ( 11, 28, 2 ), ( 13, 28, 5 ), ( 17, 30, 4 ), ( 14, 31, 5 ), ( 36, 32, 3 ), ( 34, 33, 3 ), ( 42, 33, 1 ), ( 5, 35, 3 ), ( 1, 36, 2 ), ( 12, 39, 2 ), ( 18, 39, 4 ), ( 39, 39, 5 ), ( 47, 39, 1 )]
coada 0: ( 32, 10, 2 ) ( 49, 12, 1 ) 
coada 1: ( 40, 9, 3 ) 
coada 2: ( 38, 10, 3 ) ( 44, 12, 1 ) 
coada 3: ( 25, 8, 1 ) ( 50, 10, 2 ) ( 21, 12, 2 ) 
coada 4: ( 15, 9, 2 ) ( 3, 12, 4 ) 

14
[( 6, 16, 1 ), ( 37, 16, 6 ), ( 20, 17, 1 ), ( 43, 17, 3 ), ( 23, 19, 5 ), ( 8, 20, 2 ), ( 41, 21, 2 ), ( 7, 22, 2 ), ( 19, 22, 6 ), ( 30, 22, 2 ), ( 26, 23, 4 ), ( 9, 24, 4 ), ( 45, 24, 4 ), ( 46, 24, 5 ), ( 4, 27, 6 ), ( 27, 27, 2 ), ( 31, 27, 3 ), ( 48, 27, 1 ), ( 11, 28, 2 ), ( 13, 28, 5 ), ( 17, 30, 4 ), ( 14, 31, 5 ), ( 36, 32, 3 ), ( 34, 33, 3 ), ( 42, 33, 1 ), ( 5, 35, 3 ), ( 1, 36, 2 ), ( 12, 39, 2 ), ( 18, 39, 4 ), ( 39, 39, 5 ), ( 47, 39, 1 )]
coada 0: ( 32, 10, 1 ) ( 49, 12, 1 ) ( 10, 14, 6 ) 
coada 1: ( 38, 10, 2 ) ( 44, 12, 1 ) 
coada 2: ( 50, 10, 2 ) ( 21, 12, 2 ) 
coada 3: ( 15, 9, 1 ) ( 3, 12, 4 ) 
coada 4: ( 40, 9, 2 ) ( 2, 14, 6 ) 

15
[( 6, 16, 1 ), ( 37, 16, 6 ), ( 20, 17, 1 ), ( 43, 17, 3 ), ( 23, 19, 5 ), ( 8, 20, 2 ), ( 41, 21, 2 ), ( 7, 22, 2 ), ( 19, 22, 6 ), ( 30, 22, 2 ), ( 26, 23, 4 ), ( 9, 24, 4 ), ( 45, 24, 4 ), ( 46, 24, 5 ), ( 4, 27, 6 ), ( 27, 27, 2 ), ( 31, 27, 3 ), ( 48, 27, 1 ), ( 11, 28, 2 ), ( 13, 28, 5 ), ( 17, 30, 4 ), ( 14, 31, 5 ), ( 36, 32, 3 ), ( 34, 33, 3 ), ( 42, 33, 1 ), ( 5, 35, 3 ), ( 1, 36, 2 ), ( 12, 39, 2 ), ( 18, 39, 4 ), ( 39, 39, 5 ), ( 47, 39, 1 )]
coada 0: ( 49, 12, 1 ) ( 10, 14, 6 ) 
coada 1: ( 38, 10, 1 ) ( 44, 12, 1 ) 
coada 2: ( 50, 10, 1 ) ( 21, 12, 2 ) 
coada 3: ( 3, 12, 4 ) 
coada 4: ( 40, 9, 1 ) ( 2, 14, 6 ) 

16
[( 20, 17, 1 ), ( 43, 17, 3 ), ( 23, 19, 5 ), ( 8, 20, 2 ), ( 41, 21, 2 ), ( 7, 22, 2 ), ( 19, 22, 6 ), ( 30, 22, 2 ), ( 26, 23, 4 ), ( 9, 24, 4 ), ( 45, 24, 4 ), ( 46, 24, 5 ), ( 4, 27, 6 ), ( 27, 27, 2 ), ( 31, 27, 3 ), ( 48, 27, 1 ), ( 11, 28, 2 ), ( 13, 28, 5 ), ( 17, 30, 4 ), ( 14, 31, 5 ), ( 36, 32, 3 ), ( 34, 33, 3 ), ( 42, 33, 1 ), ( 5, 35, 3 ), ( 1, 36, 2 ), ( 12, 39, 2 ), ( 18, 39, 4 ), ( 39, 39, 5 ), ( 47, 39, 1 )]
coada 0: ( 44, 12, 1 ) ( 6, 16, 1 ) ( 37, 16, 6 ) 
coada 1: ( 21, 12, 2 ) 
coada 2: ( 3, 12, 3 ) 
coada 3: ( 2, 14, 6 ) 
coada 4: ( 10, 14, 6 ) 

17
[( 23, 19, 5 ), ( 8, 20, 2 ), ( 41, 21, 2 ), ( 7, 22, 2 ), ( 19, 22, 6 ), ( 30, 22, 2 ), ( 26, 23, 4 ), ( 9, 24, 4 ), ( 45, 24, 4 ), ( 46, 24, 5 ), ( 4, 27, 6 ), ( 27, 27, 2 ), ( 31, 27, 3 ), ( 48, 27, 1 ), ( 11, 28, 2 ), ( 13, 28, 5 ), ( 17, 30, 4 ), ( 14, 31, 5 ), ( 36, 32, 3 ), ( 34, 33, 3 ), ( 42, 33, 1 ), ( 5, 35, 3 ), ( 1, 36, 2 ), ( 12, 39, 2 ), ( 18, 39, 4 ), ( 39, 39, 5 ), ( 47, 39, 1 )]
coada 0: ( 21, 12, 1 ) ( 20, 17, 1 ) ( 43, 17, 3 ) 
coada 1: ( 3, 12, 2 ) 
coada 2: ( 2, 14, 5 ) 
coada 3: ( 10, 14, 5 ) 
coada 4: ( 6, 16, 1 ) ( 37, 16, 6 ) 

18
[( 23, 19, 5 ), ( 8, 20, 2 ), ( 41, 21, 2 ), ( 7, 22, 2 ), ( 19, 22, 6 ), ( 30, 22, 2 ), ( 26, 23, 4 ), ( 9, 24, 4 ), ( 45, 24, 4 ), ( 46, 24, 5 ), ( 4, 27, 6 ), ( 27, 27, 2 ), ( 31, 27, 3 ), ( 48, 27, 1 ), ( 11, 28, 2 ), ( 13, 28, 5 ), ( 17, 30, 4 ), ( 14, 31, 5 ), ( 36, 32, 3 ), ( 34, 33, 3 ), ( 42, 33, 1 ), ( 5, 35, 3 ), ( 1, 36, 2 ), ( 12, 39, 2 ), ( 18, 39, 4 ), ( 39, 39, 5 ), ( 47, 39, 1 )]
coada 0: ( 20, 17, 1 ) ( 43, 17, 3 ) 
coada 1: ( 3, 12, 1 ) 
coada 2: ( 2, 14, 4 ) 
coada 3: ( 10, 14, 4 ) 
coada 4: ( 37, 16, 6 ) 

19
[( 8, 20, 2 ), ( 41, 21, 2 ), ( 7, 22, 2 ), ( 19, 22, 6 ), ( 30, 22, 2 ), ( 26, 23, 4 ), ( 9, 24, 4 ), ( 45, 24, 4 ), ( 46, 24, 5 ), ( 4, 27, 6 ), ( 27, 27, 2 ), ( 31, 27, 3 ), ( 48, 27, 1 ), ( 11, 28, 2 ), ( 13, 28, 5 ), ( 17, 30, 4 ), ( 14, 31, 5 ), ( 36, 32, 3 ), ( 34, 33, 3 ), ( 42, 33, 1 ), ( 5, 35, 3 ), ( 1, 36, 2 ), ( 12, 39, 2 ), ( 18, 39, 4 ), ( 39, 39, 5 ), ( 47, 39, 1 )]
coada 0: ( 23, 19, 5 ) 
coada 1: ( 43, 17, 3 ) 
coada 2: ( 2, 14, 3 ) 
coada 3: ( 10, 14, 3 ) 
coada 4: ( 37, 16, 5 ) 

20
[( 41, 21, 2 ), ( 7, 22, 2 ), ( 19, 22, 6 ), ( 30, 22, 2 ), ( 26, 23, 4 ), ( 9, 24, 4 ), ( 45, 24, 4 ), ( 46, 24, 5 ), ( 4, 27, 6 ), ( 27, 27, 2 ), ( 31, 27, 3 ), ( 48, 27, 1 ), ( 11, 28, 2 ), ( 13, 28, 5 ), ( 17, 30, 4 ), ( 14, 31, 5 ), ( 36, 32, 3 ), ( 34, 33, 3 ), ( 42, 33, 1 ), ( 5, 35, 3 ), ( 1, 36, 2 ), ( 12, 39, 2 ), ( 18, 39, 4 ), ( 39, 39, 5 ), ( 47, 39, 1 )]
coada 0: ( 43, 17, 2 ) ( 8, 20, 2 ) 
coada 1: ( 2, 14, 2 ) 
coada 2: ( 10, 14, 2 ) 
coada 3: ( 23, 19, 4 ) 
coada 4: ( 37, 16, 4 ) 

21
[( 7, 22, 2 ), ( 19, 22, 6 ), ( 30, 22, 2 ), ( 26, 23, 4 ), ( 9, 24, 4 ), ( 45, 24, 4 ), ( 46, 24, 5 ), ( 4, 27, 6 ), ( 27, 27, 2 ), ( 31, 27, 3 ), ( 48, 27, 1 ), ( 11, 28, 2 ), ( 13, 28, 5 ), ( 17, 30, 4 ), ( 14, 31, 5 ), ( 36, 32, 3 ), ( 34, 33, 3 ), ( 42, 33, 1 ), ( 5, 35, 3 ), ( 1, 36, 2 ), ( 12, 39, 2 ), ( 18, 39, 4 ), ( 39, 39, 5 ), ( 47, 39, 1 )]
coada 0: ( 2, 14, 1 ) ( 41, 21, 2 ) 
coada 1: ( 10, 14, 1 ) 
coada 2: ( 43, 17, 1 ) ( 8, 20, 2 ) 
coada 3: ( 23, 19, 3 ) 
coada 4: ( 37, 16, 3 ) 

22
[( 26, 23, 4 ), ( 9, 24, 4 ), ( 45, 24, 4 ), ( 46, 24, 5 ), ( 4, 27, 6 ), ( 27, 27, 2 ), ( 31, 27, 3 ), ( 48, 27, 1 ), ( 11, 28, 2 ), ( 13, 28, 5 ), ( 17, 30, 4 ), ( 14, 31, 5 ), ( 36, 32, 3 ), ( 34, 33, 3 ), ( 42, 33, 1 ), ( 5, 35, 3 ), ( 1, 36, 2 ), ( 12, 39, 2 ), ( 18, 39, 4 ), ( 39, 39, 5 ), ( 47, 39, 1 )]
coada 0: ( 8, 20, 2 ) ( 30, 22, 2 ) 
coada 1: ( 23, 19, 2 ) 
coada 2: ( 37, 16, 2 ) 
coada 3: ( 7, 22, 2 ) 
coada 4: ( 41, 21, 2 ) ( 19, 22, 6 ) 

23
[( 9, 24, 4 ), ( 45, 24, 4 ), ( 46, 24, 5 ), ( 4, 27, 6 ), ( 27, 27, 2 ), ( 31, 27, 3 ), ( 48, 27, 1 ), ( 11, 28, 2 ), ( 13, 28, 5 ), ( 17, 30, 4 ), ( 14, 31, 5 ), ( 36, 32, 3 ), ( 34, 33, 3 ), ( 42, 33, 1 ), ( 5, 35, 3 ), ( 1, 36, 2 ), ( 12, 39, 2 ), ( 18, 39, 4 ), ( 39, 39, 5 ), ( 47, 39, 1 )]
coada 0: ( 23, 19, 1 ) ( 26, 23, 4 ) 
coada 1: ( 37, 16, 1 ) 
coada 2: ( 7, 22, 1 ) 
coada 3: ( 8, 20, 1 ) ( 30, 22, 2 ) 
coada 4: ( 41, 21, 1 ) ( 19, 22, 6 ) 

24
[( 4, 27, 6 ), ( 27, 27, 2 ), ( 31, 27, 3 ), ( 48, 27, 1 ), ( 11, 28, 2 ), ( 13, 28, 5 ), ( 17, 30, 4 ), ( 14, 31, 5 ), ( 36, 32, 3 ), ( 34, 33, 3 ), ( 42, 33, 1 ), ( 5, 35, 3 ), ( 1, 36, 2 ), ( 12, 39, 2 ), ( 18, 39, 4 ), ( 39, 39, 5 ), ( 47, 39, 1 )]
coada 0: ( 30, 22, 2 ) ( 46, 24, 5 ) 
coada 1: ( 9, 24, 4 ) 
coada 2: ( 26, 23, 4 ) 
coada 3: ( 45, 24, 4 ) 
coada 4: ( 19, 22, 6 ) 

25
[( 4, 27, 6 ), ( 27, 27, 2 ), ( 31, 27, 3 ), ( 48, 27, 1 ), ( 11, 28, 2 ), ( 13, 28, 5 ), ( 17, 30, 4 ), ( 14, 31, 5 ), ( 36, 32, 3 ), ( 34, 33, 3 ), ( 42, 33, 1 ), ( 5, 35, 3 ), ( 1, 36, 2 ), ( 12, 39, 2 ), ( 18, 39, 4 ), ( 39, 39, 5 ), ( 47, 39, 1 )]
coada 0: ( 30, 22, 1 ) ( 46, 24, 5 ) 
coada 1: ( 9, 24, 3 ) 
coada 2: ( 26, 23, 3 ) 
coada 3: ( 45, 24, 3 ) 
coada 4: ( 19, 22, 5 ) 

26
[( 4, 27, 6 ), ( 27, 27, 2 ), ( 31, 27, 3 ), ( 48, 27, 1 ), ( 11, 28, 2 ), ( 13, 28, 5 ), ( 17, 30, 4 ), ( 14, 31, 5 ), ( 36, 32, 3 ), ( 34, 33, 3 ), ( 42, 33, 1 ), ( 5, 35, 3 ), ( 1, 36, 2 ), ( 12, 39, 2 ), ( 18, 39, 4 ), ( 39, 39, 5 ), ( 47, 39, 1 )]
coada 0: ( 46, 24, 5 ) 
coada 1: ( 9, 24, 2 ) 
coada 2: ( 26, 23, 2 ) 
coada 3: ( 45, 24, 2 ) 
coada 4: ( 19, 22, 4 ) 

27
[( 11, 28, 2 ), ( 13, 28, 5 ), ( 17, 30, 4 ), ( 14, 31, 5 ), ( 36, 32, 3 ), ( 34, 33, 3 ), ( 42, 33, 1 ), ( 5, 35, 3 ), ( 1, 36, 2 ), ( 12, 39, 2 ), ( 18, 39, 4 ), ( 39, 39, 5 ), ( 47, 39, 1 )]
coada 0: ( 26, 23, 1 ) ( 27, 27, 2 ) ( 48, 27, 1 ) 
coada 1: ( 19, 22, 3 ) 
coada 2: ( 46, 24, 4 ) 
coada 3: ( 45, 24, 1 ) ( 31, 27, 3 ) 
coada 4: ( 9, 24, 1 ) ( 4, 27, 6 ) 

28
[( 17, 30, 4 ), ( 14, 31, 5 ), ( 36, 32, 3 ), ( 34, 33, 3 ), ( 42, 33, 1 ), ( 5, 35, 3 ), ( 1, 36, 2 ), ( 12, 39, 2 ), ( 18, 39, 4 ), ( 39, 39, 5 ), ( 47, 39, 1 )]
coada 0: ( 27, 27, 2 ) ( 48, 27, 1 ) ( 13, 28, 5 ) 
coada 1: ( 46, 24, 3 ) 
coada 2: ( 19, 22, 2 ) ( 11, 28, 2 ) 
coada 3: ( 31, 27, 3 ) 
coada 4: ( 4, 27, 6 ) 

29
[( 17, 30, 4 ), ( 14, 31, 5 ), ( 36, 32, 3 ), ( 34, 33, 3 ), ( 42, 33, 1 ), ( 5, 35, 3 ), ( 1, 36, 2 ), ( 12, 39, 2 ), ( 18, 39, 4 ), ( 39, 39, 5 ), ( 47, 39, 1 )]
coada 0: ( 27, 27, 1 ) ( 48, 27, 1 ) ( 13, 28, 5 ) 
coada 1: ( 46, 24, 2 ) 
coada 2: ( 19, 22, 1 ) ( 11, 28, 2 ) 
coada 3: ( 31, 27, 2 ) 
coada 4: ( 4, 27, 5 ) 

30
[( 14, 31, 5 ), ( 36, 32, 3 ), ( 34, 33, 3 ), ( 42, 33, 1 ), ( 5, 35, 3 ), ( 1, 36, 2 ), ( 12, 39, 2 ), ( 18, 39, 4 ), ( 39, 39, 5 ), ( 47, 39, 1 )]
coada 0: ( 46, 24, 1 ) ( 17, 30, 4 ) 
coada 1: ( 11, 28, 2 ) 
coada 2: ( 31, 27, 1 ) 
coada 3: ( 4, 27, 4 ) 
coada 4: ( 48, 27, 1 ) ( 13, 28, 5 ) 

31
[( 36, 32, 3 ), ( 34, 33, 3 ), ( 42, 33, 1 ), ( 5, 35, 3 ), ( 1, 36, 2 ), ( 12, 39, 2 ), ( 18, 39, 4 ), ( 39, 39, 5 ), ( 47, 39, 1 )]
coada 0: ( 11, 28, 1 ) ( 14, 31, 5 ) 
coada 1: 
coada 2: ( 4, 27, 3 ) 
coada 3: ( 17, 30, 4 ) 
coada 4: ( 13, 28, 5 ) 

32
[( 34, 33, 3 ), ( 42, 33, 1 ), ( 5, 35, 3 ), ( 1, 36, 2 ), ( 12, 39, 2 ), ( 18, 39, 4 ), ( 39, 39, 5 ), ( 47, 39, 1 )]
coada 0: ( 36, 32, 3 ) 
coada 1: ( 4, 27, 2 ) 
coada 2: ( 17, 30, 3 ) 
coada 3: ( 13, 28, 4 ) 
coada 4: ( 14, 31, 5 ) 

33
[( 5, 35, 3 ), ( 1, 36, 2 ), ( 12, 39, 2 ), ( 18, 39, 4 ), ( 39, 39, 5 ), ( 47, 39, 1 )]
coada 0: ( 36, 32, 2 ) ( 42, 33, 1 ) 
coada 1: ( 17, 30, 2 ) 
coada 2: ( 13, 28, 3 ) 
coada 3: ( 4, 27, 1 ) ( 34, 33, 3 ) 
coada 4: ( 14, 31, 4 ) 

34
[( 5, 35, 3 ), ( 1, 36, 2 ), ( 12, 39, 2 ), ( 18, 39, 4 ), ( 39, 39, 5 ), ( 47, 39, 1 )]
coada 0: ( 36, 32, 1 ) ( 42, 33, 1 ) 
coada 1: ( 17, 30, 1 ) 
coada 2: ( 13, 28, 2 ) 
coada 3: ( 34, 33, 3 ) 
coada 4: ( 14, 31, 3 ) 

35
[( 1, 36, 2 ), ( 12, 39, 2 ), ( 18, 39, 4 ), ( 39, 39, 5 ), ( 47, 39, 1 )]
coada 0: ( 5, 35, 3 ) 
coada 1: ( 42, 33, 1 ) 
coada 2: ( 13, 28, 1 ) 
coada 3: ( 34, 33, 2 ) 
coada 4: ( 14, 31, 2 ) 

36
[( 12, 39, 2 ), ( 18, 39, 4 ), ( 39, 39, 5 ), ( 47, 39, 1 )]
coada 0: ( 1, 36, 2 ) 
coada 1: 
coada 2: ( 34, 33, 1 ) 
coada 3: ( 14, 31, 1 ) 
coada 4: ( 5, 35, 2 ) 

37
[( 12, 39, 2 ), ( 18, 39, 4 ), ( 39, 39, 5 ), ( 47, 39, 1 )]
coada 0: ( 1, 36, 1 ) 
coada 1: 
coada 2: 
coada 3: 
coada 4: ( 5, 35, 1 ) 

38
[( 12, 39, 2 ), ( 18, 39, 4 ), ( 39, 39, 5 ), ( 47, 39, 1 )]
coada 0: 
coada 1: 
coada 2: 
coada 3: 
coada 4: 

39
[]
coada 0: ( 12, 39, 2 ) ( 47, 39, 1 ) 
coada 1: 
coada 2: 
coada 3: ( 18, 39, 4 ) 
coada 4: ( 39, 39, 5 ) 

40
[]
coada 0: ( 12, 39, 1 ) ( 47, 39, 1 ) 
coada 1: 
coada 2: 
coada 3: ( 18, 39, 3 ) 
coada 4: ( 39, 39, 4 ) 

41
[]
coada 0: ( 47, 39, 1 ) 
coada 1: 
coada 2: 
coada 3: ( 18, 39, 2 ) 
coada 4: ( 39, 39, 3 ) 

42
[]
coada 0: 
coada 1: 
coada 2: 
coada 3: ( 18, 39, 1 ) 
coada 4: ( 39, 39, 2 ) 

43
[]
coada 0: 
coada 1: 
coada 2: 
coada 3: 
coada 4: ( 39, 39, 1 ) 

pickHour: 12
average service time: 3.36
average waiting time: 25.892441860465127