0
[( 16, 2, 9 ), ( 1, 3, 8 ), ( 17, 3, 8 ), ( 8, 4, 7 ), ( 9, 4, 2 ), ( 11, 4, 4 ), ( 18, 5, 5 ), ( 20, 6, 4 ), ( 2, 7, 8 ), ( 4, 7, 2 ), ( 7, 7, 7 ), ( 15, 8, 3 ), ( 10, 9, 3 ), ( 12, 9, 9 ), ( 14, 9, 2 ), ( 13, 10, 4 ), ( 5, 11, 8 ), ( 19, 12, 8 ), ( 3, 14, 9 ), ( 6, 14, 3 )]
coada 0: 
coada 1: 
coada 2: 

1
[( 16, 2, 9 ), ( 1, 3, 8 ), ( 17, 3, 8 ), ( 8, 4, 7 ), ( 9, 4, 2 ), ( 11, 4, 4 ), ( 18, 5, 5 ), ( 20, 6, 4 ), ( 2, 7, 8 ), ( 4, 7, 2 ), ( 7, 7, 7 ), ( 15, 8, 3 ), ( 10, 9, 3 ), ( 12, 9, 9 ), ( 14, 9, 2 ), ( 13, 10, 4 ), ( 5, 11, 8 ), ( 19, 12, 8 ), ( 3, 14, 9 ), ( 6, 14, 3 )]
coada 0: 
coada 1: 
coada 2: 

2
[( 1, 3, 8 ), ( 17, 3, 8 ), ( 8, 4, 7 ), ( 9, 4, 2 ), ( 11, 4, 4 ), ( 18, 5, 5 ), ( 20, 6, 4 ), ( 2, 7, 8 ), ( 4, 7, 2 ), ( 7, 7, 7 ), ( 15, 8, 3 ), ( 10, 9, 3 ), ( 12, 9, 9 ), ( 14, 9, 2 ), ( 13, 10, 4 ), ( 5, 11, 8 ), ( 19, 12, 8 ), ( 3, 14, 9 ), ( 6, 14, 3 )]
coada 0: ( 16, 2, 9 ) 
coada 1: 
coada 2: 

3
[( 8, 4, 7 ), ( 9, 4, 2 ), ( 11, 4, 4 ), ( 18, 5, 5 ), ( 20, 6, 4 ), ( 2, 7, 8 ), ( 4, 7, 2 ), ( 7, 7, 7 ), ( 15, 8, 3 ), ( 10, 9, 3 ), ( 12, 9, 9 ), ( 14, 9, 2 ), ( 13, 10, 4 ), ( 5, 11, 8 ), ( 19, 12, 8 ), ( 3, 14, 9 ), ( 6, 14, 3 )]
coada 0: ( 17, 3, 8 ) 
coada 1: ( 1, 3, 8 ) 
coada 2: ( 16, 2, 8 ) 

4
[( 18, 5, 5 ), ( 20, 6, 4 ), ( 2, 7, 8 ), ( 4, 7, 2 ), ( 7, 7, 7 ), ( 15, 8, 3 ), ( 10, 9, 3 ), ( 12, 9, 9 ), ( 14, 9, 2 ), ( 13, 10, 4 ), ( 5, 11, 8 ), ( 19, 12, 8 ), ( 3, 14, 9 ), ( 6, 14, 3 )]
coada 0: ( 16, 2, 7 ) ( 11, 4, 4 ) 
coada 1: ( 1, 3, 7 ) ( 9, 4, 2 ) 
coada 2: ( 17, 3, 7 ) ( 8, 4, 7 ) 

5
[( 20, 6, 4 ), ( 2, 7, 8 ), ( 4, 7, 2 ), ( 7, 7, 7 ), ( 15, 8, 3 ), ( 10, 9, 3 ), ( 12, 9, 9 ), ( 14, 9, 2 ), ( 13, 10, 4 ), ( 5, 11, 8 ), ( 19, 12, 8 ), ( 3, 14, 9 ), ( 6, 14, 3 )]
coada 0: ( 1, 3, 6 ) ( 9, 4, 2 ) ( 18, 5, 5 ) 
coada 1: ( 16, 2, 6 ) ( 11, 4, 4 ) 
coada 2: ( 17, 3, 6 ) ( 8, 4, 7 ) 

6
[( 2, 7, 8 ), ( 4, 7, 2 ), ( 7, 7, 7 ), ( 15, 8, 3 ), ( 10, 9, 3 ), ( 12, 9, 9 ), ( 14, 9, 2 ), ( 13, 10, 4 ), ( 5, 11, 8 ), ( 19, 12, 8 ), ( 3, 14, 9 ), ( 6, 14, 3 )]
coada 0: ( 16, 2, 5 ) ( 11, 4, 4 ) ( 20, 6, 4 ) 
coada 1: ( 1, 3, 5 ) ( 9, 4, 2 ) ( 18, 5, 5 ) 
coada 2: ( 17, 3, 5 ) ( 8, 4, 7 ) 

7
[( 15, 8, 3 ), ( 10, 9, 3 ), ( 12, 9, 9 ), ( 14, 9, 2 ), ( 13, 10, 4 ), ( 5, 11, 8 ), ( 19, 12, 8 ), ( 3, 14, 9 ), ( 6, 14, 3 )]
coada 0: ( 17, 3, 4 ) ( 8, 4, 7 ) ( 4, 7, 2 ) ( 7, 7, 7 ) 
coada 1: ( 16, 2, 4 ) ( 11, 4, 4 ) ( 20, 6, 4 ) 
coada 2: ( 1, 3, 4 ) ( 9, 4, 2 ) ( 18, 5, 5 ) ( 2, 7, 8 ) 

8
[( 10, 9, 3 ), ( 12, 9, 9 ), ( 14, 9, 2 ), ( 13, 10, 4 ), ( 5, 11, 8 ), ( 19, 12, 8 ), ( 3, 14, 9 ), ( 6, 14, 3 )]
coada 0: ( 16, 2, 3 ) ( 11, 4, 4 ) ( 20, 6, 4 ) ( 15, 8, 3 ) 
coada 1: ( 1, 3, 3 ) ( 9, 4, 2 ) ( 18, 5, 5 ) ( 2, 7, 8 ) 
coada 2: ( 17, 3, 3 ) ( 8, 4, 7 ) ( 4, 7, 2 ) ( 7, 7, 7 ) 

9
[( 13, 10, 4 ), ( 5, 11, 8 ), ( 19, 12, 8 ), ( 3, 14, 9 ), ( 6, 14, 3 )]
coada 0: ( 1, 3, 2 ) ( 9, 4, 2 ) ( 18, 5, 5 ) ( 2, 7, 8 ) ( 14, 9, 2 ) 
coada 1: ( 17, 3, 2 ) ( 8, 4, 7 ) ( 4, 7, 2 ) ( 7, 7, 7 ) 
coada 2: ( 16, 2, 2 ) ( 11, 4, 4 ) ( 20, 6, 4 ) ( 15, 8, 3 ) ( 10, 9, 3 ) ( 12, 9, 9 ) 

10
[( 5, 11, 8 ), ( 19, 12, 8 ), ( 3, 14, 9 ), ( 6, 14, 3 )]
coada 0: ( 17, 3, 1 ) ( 8, 4, 7 ) ( 4, 7, 2 ) ( 7, 7, 7 ) ( 13, 10, 4 ) 
coada 1: ( 1, 3, 1 ) ( 9, 4, 2 ) ( 18, 5, 5 ) ( 2, 7, 8 ) ( 14, 9, 2 ) 
coada 2: ( 16, 2, 1 ) ( 11, 4, 4 ) ( 20, 6, 4 ) ( 15, 8, 3 ) ( 10, 9, 3 ) ( 12, 9, 9 ) 

11
[( 19, 12, 8 ), ( 3, 14, 9 ), ( 6, 14, 3 )]
coada 0: ( 9, 4, 2 ) ( 18, 5, 5 ) ( 2, 7, 8 ) ( 14, 9, 2 ) ( 5, 11, 8 ) 
coada 1: ( 8, 4, 7 ) ( 4, 7, 2 ) ( 7, 7, 7 ) ( 13, 10, 4 ) 
coada 2: ( 11, 4, 4 ) ( 20, 6, 4 ) ( 15, 8, 3 ) ( 10, 9, 3 ) ( 12, 9, 9 ) 

12
[( 3, 14, 9 ), ( 6, 14, 3 )]
coada 0: ( 8, 4, 6 ) ( 4, 7, 2 ) ( 7, 7, 7 ) ( 13, 10, 4 ) ( 19, 12, 8 ) 
coada 1: ( 11, 4, 3 ) ( 20, 6, 4 ) ( 15, 8, 3 ) ( 10, 9, 3 ) ( 12, 9, 9 ) 
coada 2: ( 9, 4, 1 ) ( 18, 5, 5 ) ( 2, 7, 8 ) ( 14, 9, 2 ) ( 5, 11, 8 ) 

13
[( 3, 14, 9 ), ( 6, 14, 3 )]
coada 0: ( 8, 4, 5 ) ( 4, 7, 2 ) ( 7, 7, 7 ) ( 13, 10, 4 ) ( 19, 12, 8 ) 
coada 1: ( 11, 4, 2 ) ( 20, 6, 4 ) ( 15, 8, 3 ) ( 10, 9, 3 ) ( 12, 9, 9 ) 
coada 2: ( 18, 5, 5 ) ( 2, 7, 8 ) ( 14, 9, 2 ) ( 5, 11, 8 ) 

14
[]
coada 0: ( 18, 5, 4 ) ( 2, 7, 8 ) ( 14, 9, 2 ) ( 5, 11, 8 ) ( 6, 14, 3 ) 
coada 1: ( 8, 4, 4 ) ( 4, 7, 2 ) ( 7, 7, 7 ) ( 13, 10, 4 ) ( 19, 12, 8 ) 
coada 2: ( 11, 4, 1 ) ( 20, 6, 4 ) ( 15, 8, 3 ) ( 10, 9, 3 ) ( 12, 9, 9 ) ( 3, 14, 9 ) 

15
[]
coada 0: ( 18, 5, 3 ) ( 2, 7, 8 ) ( 14, 9, 2 ) ( 5, 11, 8 ) ( 6, 14, 3 ) 
coada 1: ( 8, 4, 3 ) ( 4, 7, 2 ) ( 7, 7, 7 ) ( 13, 10, 4 ) ( 19, 12, 8 ) 
coada 2: ( 20, 6, 4 ) ( 15, 8, 3 ) ( 10, 9, 3 ) ( 12, 9, 9 ) ( 3, 14, 9 ) 

16
[]
coada 0: ( 18, 5, 2 ) ( 2, 7, 8 ) ( 14, 9, 2 ) ( 5, 11, 8 ) ( 6, 14, 3 ) 
coada 1: ( 8, 4, 2 ) ( 4, 7, 2 ) ( 7, 7, 7 ) ( 13, 10, 4 ) ( 19, 12, 8 ) 
coada 2: ( 20, 6, 3 ) ( 15, 8, 3 ) ( 10, 9, 3 ) ( 12, 9, 9 ) ( 3, 14, 9 ) 

17
[]
coada 0: ( 18, 5, 1 ) ( 2, 7, 8 ) ( 14, 9, 2 ) ( 5, 11, 8 ) ( 6, 14, 3 ) 
coada 1: ( 8, 4, 1 ) ( 4, 7, 2 ) ( 7, 7, 7 ) ( 13, 10, 4 ) ( 19, 12, 8 ) 
coada 2: ( 20, 6, 2 ) ( 15, 8, 3 ) ( 10, 9, 3 ) ( 12, 9, 9 ) ( 3, 14, 9 ) 

18
[]
coada 0: ( 2, 7, 8 ) ( 14, 9, 2 ) ( 5, 11, 8 ) ( 6, 14, 3 ) 
coada 1: ( 4, 7, 2 ) ( 7, 7, 7 ) ( 13, 10, 4 ) ( 19, 12, 8 ) 
coada 2: ( 20, 6, 1 ) ( 15, 8, 3 ) ( 10, 9, 3 ) ( 12, 9, 9 ) ( 3, 14, 9 ) 

19
[]
coada 0: ( 2, 7, 7 ) ( 14, 9, 2 ) ( 5, 11, 8 ) ( 6, 14, 3 ) 
coada 1: ( 4, 7, 1 ) ( 7, 7, 7 ) ( 13, 10, 4 ) ( 19, 12, 8 ) 
coada 2: ( 15, 8, 3 ) ( 10, 9, 3 ) ( 12, 9, 9 ) ( 3, 14, 9 ) 

20
[]
coada 0: ( 2, 7, 6 ) ( 14, 9, 2 ) ( 5, 11, 8 ) ( 6, 14, 3 ) 
coada 1: ( 7, 7, 7 ) ( 13, 10, 4 ) ( 19, 12, 8 ) 
coada 2: ( 15, 8, 2 ) ( 10, 9, 3 ) ( 12, 9, 9 ) ( 3, 14, 9 ) 

21
[]
coada 0: ( 2, 7, 5 ) ( 14, 9, 2 ) ( 5, 11, 8 ) ( 6, 14, 3 ) 
coada 1: ( 7, 7, 6 ) ( 13, 10, 4 ) ( 19, 12, 8 ) 
coada 2: ( 15, 8, 1 ) ( 10, 9, 3 ) ( 12, 9, 9 ) ( 3, 14, 9 ) 

22
[]
coada 0: ( 2, 7, 4 ) ( 14, 9, 2 ) ( 5, 11, 8 ) ( 6, 14, 3 ) 
coada 1: ( 7, 7, 5 ) ( 13, 10, 4 ) ( 19, 12, 8 ) 
coada 2: ( 10, 9, 3 ) ( 12, 9, 9 ) ( 3, 14, 9 ) 

23
[]
coada 0: ( 2, 7, 3 ) ( 14, 9, 2 ) ( 5, 11, 8 ) ( 6, 14, 3 ) 
coada 1: ( 7, 7, 4 ) ( 13, 10, 4 ) ( 19, 12, 8 ) 
coada 2: ( 10, 9, 2 ) ( 12, 9, 9 ) ( 3, 14, 9 ) 

24
[]
coada 0: ( 2, 7, 2 ) ( 14, 9, 2 ) ( 5, 11, 8 ) ( 6, 14, 3 ) 
coada 1: ( 7, 7, 3 ) ( 13, 10, 4 ) ( 19, 12, 8 ) 
coada 2: ( 10, 9, 1 ) ( 12, 9, 9 ) ( 3, 14, 9 ) 

pickHour: 10
average service time: 5.65
average waiting time: 18.059239583333333